2	0	2.23606797749979
2	1	1.2909944487358056
2	2	0.6454972243679028
3	0	2.6457513110645907
3	1	1.0801234497346435
3	2	0.3415650255319866
3	3	0.13944333775567924
4	0	3.
4	1	0.9486832980505138
4	2	0.22360679774997896
4	3	0.05976143046671968
4	4	0.021128856368212913
5	0	3.3166247903554
5	1	0.8563488385776752
5	2	0.1618347187425374
5	3	0.03303437363217049
5	4	0.007786276535852611
5	5	0.0024622368345219954
6	0	3.605551275463989
6	1	0.7867957924694432
6	2	0.12440333788202983
6	3	0.02073388964700497
6	4	0.003785473021495816
6	5	0.0008070655599277452
6	6	0.00023297975913897983
7	0	3.872983346207417
7	1	0.7319250547113999
7	2	0.09960238411119945
7	3	0.014085904245475275
7	4	0.0021235299643234395
7	5	0.0003539216607205733
7	6	0.00006940974824220647
7	7	0.000018550535516040817
8	0	4.123105625617661
8	1	0.6871842709362768
8	2	0.08213423005076352
8	3	0.010110024837387998
8	4	0.0013051985941649022
8	5	0.0001809984790740411
8	6	0.000027928671659168134
8	7	5.099054489627207e-6
8	8	1.2747636224068018e-6
9	0	4.358898943540674
9	1	0.6497862896539308
9	2	0.06926745121613612
9	3	0.007557698533204875
9	4	0.0008557408480136177
9	5	0.0001022805943721951
9	6	0.000013204367954790258
9	7	1.9058863482942557e-6
9	8	3.2685681217488767e-7
9	9	7.704088945529359e-8
10	0	4.58257569495584
10	1	0.6179143806533247
10	2	0.05945883900105631
10	3	0.005830418852345344
10	4	0.0005889612439501829
10	5	0.00006208196614828809
10	6	6.940974824220647e-6
10	7	8.41716833676903e-7
10	8	1.145431528010838e-7
10	9	1.8581353028189898e-8
10	10	4.154916848495417e-9
11	0	4.795831523312719
11	1	0.5903260526902472
11	2	0.051775019851784516
11	3	0.004612485368542785
11	4	0.00042106038041890223
11	5	0.00003978646619752378
11	6	3.9394471749202676e-6
11	7	4.1525419315545985e-7
11	8	4.7632922732793913e-8
11	9	6.14938388250985e-9
11	10	9.488705332741648e-10
11	11	2.0229987742278203e-10
12	0	5.
12	1	0.5661385170722978
12	2	0.045620741787613245
12	3	0.003724917968897285
12	4	0.00031040983074144036
12	5	0.000026617423393241334
12	6	2.371268544195499e-6
12	7	2.2208964739434833e-7
12	8	2.2208964739434834e-8
12	9	2.423196714882508e-9
12	10	2.982748965711089e-10
12	11	4.3978234222343914e-11
12	12	8.977019469445631e-12
13	0	5.196152422706632
13	1	0.5447047794019222
13	2	0.04059989714705751
13	3	0.0030603323946320547
13	4	0.00023471678009182205
13	5	0.000018441091873466553
13	6	1.4957700654583502e-6
13	7	1.2641564349176768e-7
13	8	1.126200062558937e-8
13	9	1.0737896276559921e-9
13	10	1.1195030751562685e-10
13	11	1.3193470266703176e-11
13	12	1.865838458593781e-12
13	13	3.6592102729159893e-13
14	0	5.385164807134504
14	1	0.5255382728122436
14	2	0.03643952288160244
14	3	0.0025512769081295424
14	4	0.0001813113548115818
14	5	0.000013153708179107218
14	6	9.804195214892906e-7
14	7	7.564100826701435e-8
14	8	6.095326148359379e-9
14	9	5.188686190895491e-10
14	10	4.736600784281695e-11
14	11	4.736600784281695e-12
14	12	5.363144287953443e-13
14	13	7.298314956893417e-14
14	14	1.3792518832687908e-14
15	0	5.5677643628300215
15	1	0.5082650227325636
15	2	0.03294592802865732
15	3	0.002153742691173681
15	4	0.0001426350941625943
15	5	9.616456086685269e-6
15	6	6.635985148349656e-7
15	7	4.7159892911777954e-8
15	8	3.476673431484004e-9
15	9	2.682311786010916e-10
15	10	2.1900984022600558e-11
15	11	1.9208433667736937e-12
15	12	1.848332391463165e-13
15	13	2.0166959745996913e-14
15	14	2.648051545872471e-15
15	15	4.834658550369262e-16
16	0	5.744562646538029
16	1	0.492592183071889
16	2	0.029978205591020893
16	3	0.001838081717502306
16	4	0.00011399298899183748
16	5	7.1808833351744155e-6
16	6	4.6160466374648186e-7
16	7	3.043731017028583e-8
16	8	2.070996640556257e-9
16	9	1.4644157683518882e-10
16	10	1.0854971875985786e-11
16	11	8.528471358998676e-13
16	12	7.207873855388025e-14
16	13	6.69234286556905e-15
16	14	7.054348779325413e-16
16	15	8.959031908779663e-17
16	16	1.5837480538911896e-17
17	0	5.916079783099616
17	1	0.4782867026529595
17	2	0.027431623722414967
17	3	0.0015837655340444805
17	4	0.00009236708168132089
17	5	5.4617800379501154e-6
17	6	3.2876052461772475e-7
17	7	2.023381157517168e-8
17	8	1.2796986064844355e-9
17	9	8.365651494848245e-11
17	10	5.692104868980428e-12
17	11	4.065789192128877e-13
17	12	3.082266832157152e-14
17	13	2.5166603299632475e-15
17	14	2.26002769330926e-16
17	15	2.3066311054862328e-17
17	16	2.8392666191360694e-18
17	17	4.869302080241904e-19
18	0	6.082762530298219
18	1	0.4651604766162404
18	2	0.025226868787876333
18	3	0.001376238521037645
18	4	0.00007575943719167699
18	5	4.221908374389246e-6
18	6	2.3901849462918435e-7
18	7	1.3799739221545872e-8
18	8	8.159956863116808e-10
18	9	4.965991602442411e-11
18	10	3.128280664975656e-12
18	11	2.0538168755099709e-13
18	12	1.4172682909855546e-14
18	13	1.0391915304213771e-15
18	14	8.215530403219274e-17
18	15	7.150701375125901e-18
18	16	7.080249397140839e-19
18	17	8.462516640685323e-20
18	18	1.4104194401142204e-20
19	0	6.244997998398398
19	1	0.45305977298225986
19	2	0.02330288023474252
19	3	0.0012049632510813598
19	4	0.0000628130515648844
19	5	3.31053849551064e-6
19	6	1.7695572594181251e-7
19	7	9.62512259871107e-9
19	8	5.347290332617261e-10
19	9	3.046901444010561e-11
19	10	1.7892021347915485e-12
19	11	1.0888737435130332e-13
19	12	6.914355185666404e-15
19	13	4.619847884862037e-16
19	14	3.283182928355127e-17
19	15	2.518086358029766e-18
19	16	2.1281713992626922e-19
19	17	2.0478338837432965e-20
19	18	2.3805585352474312e-21
19	19	3.8617758867280474e-22
20	0	6.4031242374328485
20	1	0.4418575508442684
20	2	0.02161195925561254
20	3	0.0010621698496624825
20	4	0.00005258524334336052
20	5	2.6292621671680264e-6
20	6	1.3313786515373883e-7
20	7	6.847872866674388e-9
20	8	3.589260644967108e-10
20	9	1.9240456641346124e-11
20	10	1.0591522793303457e-12
20	11	6.015580713154228e-14
20	12	3.5447149292053018e-15
20	13	2.1816212286629025e-16
20	14	1.4141350037997412e-17
20	15	9.758458623826705e-19
20	16	7.273525612831854e-20
20	17	5.978801224445675e-21
20	18	5.599660397083079e-22
20	19	6.340366866626178e-23
20	20	1.0025000249801874e-23
21	0	6.557438524302
21	1	0.43144777916589877
21	2	0.020116356428840285
21	3	0.0009420347005986002
21	4	0.00004440794166042062
21	5	2.1122703803104666e-6
21	6	1.0162665605612678e-7
21	7	4.95887305293448e-9
21	8	2.4610473738101557e-10
21	9	1.2461997798577086e-11
21	10	6.46124486848067e-13
21	11	3.4438550862727264e-14
21	12	1.8957798311661942e-15
21	13	1.0837451959556886e-16
21	14	6.476616317174737e-18
21	15	4.079884788673187e-19
21	16	2.738239380493599e-20
21	17	1.9865276376640577e-21
21	18	1.5904950155096332e-22
21	19	1.451916662656925e-23
21	20	1.603373727907024e-24
21	21	2.474059374572615e-25
22	0	6.708203932499369
22	1	0.42174116783664994
22	2	0.01878584471360321
22	3	0.000840128515887437
22	4	0.00003779916893906884
22	5	1.714605122258845e-6
22	6	7.858879692857777e-8
22	7	3.6483933056449765e-9
22	8	1.719869097904778e-10
22	9	8.2556358545173e-12
22	10	4.04765849224038e-13
22	11	2.0340249239783342e-14
22	12	1.0517692493322512e-15
22	13	5.621943115636716e-17
22	14	3.123301730909286e-18
22	15	1.815382256513441e-19
22	16	1.1130822776713782e-20
22	17	7.276446479590589e-22
22	18	5.145224648659486e-23
22	19	4.017745445715667e-24
22	20	3.5792921250331873e-25
22	21	3.859649959475568e-26
22	22	5.818641244404948e-27
23	0	6.855654600401044
23	1	0.41266191376532896
23	2	0.017595963125489052
23	3	0.0007530377045388158
23	4	0.00003240558320827883
23	5	1.4049602134070996e-6
23	6	6.149343797744026e-8
23	7	2.722975201792885e-9
23	8	1.2226519588235737e-10
23	9	5.580617148546241e-12
23	10	2.5963380705006076e-13
23	11	1.2349520825638101e-14
23	12	6.025949137309826e-16
23	13	3.0281533779125007e-17
23	14	1.574261978967415e-18
23	15	8.512633848674024e-20
23	16	4.819329903467759e-21
23	17	2.880100489222714e-22
23	18	1.8362850032107303e-23
23	19	1.2671570378525893e-24
23	20	9.661981832970907e-26
23	21	8.40967574685056e-27
23	22	8.864576581175119e-28
23	23	1.3070105116133499e-28
24	0	7.
24	1	0.40414518843273806
24	2	0.016526725762745997
24	3	0.0006780997717143184
24	4	0.000027964363266906104
24	5	1.1611569831522583e-6
24	6	4.863551405335178e-8
24	7	2.0589054871650753e-9
24	8	8.827484449773958e-11
24	9	3.84166950250506e-12
24	10	1.7011198483719467e-13
24	11	7.684876133965182e-15
24	12	3.5523352495642225e-16
24	13	1.6858637028586652e-17
24	14	8.245828907321066e-19
24	15	4.175437774340269e-20
24	16	2.2006489325365685e-21
24	17	1.2151050998749765e-22
24	18	7.08663685368401e-24
24	19	4.411947393685493e-25
24	20	2.974534326017819e-26
24	21	2.2170869847941214e-27
24	22	1.8873097750662182e-28
24	23	1.946611400275202e-29
24	24	2.809691539891206e-30
25	0	7.14142842854285
25	1	0.3961351750641149
25	2	0.015561659364130875
25	3	0.0006132152841609844
25	4	0.000024277425584101663
25	5	9.67235787303502e-7
25	6	3.884512399841995e-8
25	7	1.5753778047560932e-9
25	8	6.463853428105855e-11
25	9	2.6886085832997422e-12
25	10	1.1361444917376932e-13
25	11	4.8891874393170844e-15
25	12	2.1481856318833589e-16
25	13	9.665144091230774e-18
25	14	4.467714436625687e-19
25	15	2.12989928737752e-20
25	16	1.051882282012823e-21
25	17	5.410298662678285e-23
25	18	2.9170375432772677e-24
25	19	1.6621363999314175e-25
25	20	1.0115439998809618e-26
25	21	6.669923615021767e-28
25	22	4.8645417569837804e-29
25	23	4.053784797486483e-30
25	24	4.0949410282480384e-31
25	25	5.791121139266404e-32
26	0	7.280109889280518
26	1	0.3885835186895489
26	2	0.014687076486156655
26	3	0.0005567121975024537
26	4	0.000021193671151576726
26	5	8.115476118002766e-7
26	6	3.130612878862949e-8
26	7	1.218589410386636e-9
26	8	4.7944759091201915e-11
26	9	1.9101649244483267e-12
26	10	7.721384064559244e-14
26	11	3.1734693020231576e-15
26	12	1.3292200199961185e-16
26	13	5.688536544129045e-18
26	14	2.4945882970747366e-19
26	15	1.124647259234515e-20
26	16	5.23233258492816e-22
26	17	2.5232548322899632e-23
26	18	1.2679832619934769e-24
26	19	6.682858571449003e-26
26	20	3.724211479590976e-27
26	21	2.217735662733022e-28
26	22	1.431542214675877e-29
26	23	1.022530153339912e-30
26	24	8.348923740975416e-32
26	25	8.266666328626432e-33
26	26	1.1463803586543943e-33
27	0	7.416198487095663
27	1	0.3814480901808862
27	2	0.013891520107798332
27	3	0.0005072465947385163
27	4	0.00001859656243070224
27	5	6.854783856348517e-7
27	6	2.5440489007759717e-8
27	7	9.52086372510293e-10
27	8	3.5985482404511966e-11
27	9	1.3759393090862164e-12
27	10	5.331656524535827e-14
27	11	2.0977122027082115e-15
27	12	8.397569555851715e-17
27	13	3.4282934152278444e-18
27	14	1.4309420242661495e-19
27	15	6.1238665345950406e-21
27	16	2.6958819203006804e-22
27	17	1.2254008728639457e-23
27	18	5.776595112493402e-25
27	19	2.839041611002817e-26
27	20	1.464123918300549e-27
27	21	7.987450812390009e-29
27	22	4.658375913317736e-30
27	23	2.9462156166702287e-31
27	24	2.0627635256378116e-32
27	25	1.6515325754842764e-33
27	26	1.6041102417903588e-34
27	27	2.1829175464216263e-35
28	0	7.54983443527075
28	1	0.3746919917344788
28	2	0.01316533461006597
28	3	0.00046372913314433905
28	4	0.000016395300734006076
28	5	5.825816435592936e-7
28	6	2.0833077040913667e-8
28	7	7.507719827752745e-10
28	8	2.7305313021585533e-11
28	9	1.0037632697159069e-12
28	10	3.735620077484733e-14
28	11	1.4099189406751393e-15
28	12	5.406792323053023e-17
28	13	2.1109977421040652e-18
28	14	8.410416318676956e-20
28	15	3.4278297874998164e-21
28	16	1.4332476357305126e-22
28	17	6.167715804639366e-24
28	18	2.7418841163098736e-25
28	19	1.2647368330472798e-26
28	20	6.084967925115681e-28
28	21	3.073372916537096e-29
28	22	1.6427869250674282e-30
28	23	9.391187777989221e-32
28	24	5.824167417601557e-33
28	25	4.0000546050666485e-34
28	26	3.1427397070656715e-35
28	27	2.9964847384237694e-36
28	28	4.004221162813814e-37
29	0	7.681145747868608
29	1	0.3682827499463503
29	2	0.012500331051286524
29	3	0.00042526989849333885
29	4	0.000014518474950113737
29	5	4.979795824742926e-7
29	6	1.7181927956059737e-8
29	7	5.971132733547779e-10
29	8	2.092880940042891e-11
29	9	7.408718217681631e-13
29	10	2.6527466566243664e-14
29	11	9.622523484698581e-16
29	12	3.5420998436877154e-17
29	13	1.325597550509853e-18
29	14	5.053793282228882e-20
29	15	1.967186367112891e-21
29	16	7.83745808621973e-23
29	17	3.20497494898487e-24
29	18	1.3495379051288386e-25
29	19	5.873109878704779e-27
29	20	2.6532005950203346e-28
29	21	1.250730755058041e-29
29	22	6.1920399202304005e-31
29	23	3.2455107783771624e-32
29	24	1.819992070319509e-33
29	25	1.1076119015494705e-34
29	26	7.46751791687303e-36
29	27	5.761315152377253e-37
29	28	5.395966027767161e-38
29	29	7.085250509383527e-39
30	0	7.810249675906654
30	1	0.3621916560316164
30	2	0.011889523591266792
30	3	0.0003911366099569072
30	4	0.00001290943177723525
30	5	4.2794349633584135e-7
30	6	1.4264783211194713e-8
30	7	4.786947814254343e-10
30	8	1.6192092518936908e-11
30	9	5.527889240667519e-13
30	10	1.9073029904219066e-14
30	11	6.660590958612866e-16
30	12	2.3578236406792175e-17
30	13	8.475022063302249e-19
30	14	3.098774964380976e-20
30	15	1.1548452445550587e-21
30	16	4.3964207096350243e-23
30	17	1.713903233628228e-24
30	18	6.861104015036427e-26
30	19	2.829471607156645e-27
30	20	1.2064907471073141e-28
30	21	5.3424308245231404e-30
30	22	2.4695395222355817e-31
30	23	1.1993144122399668e-32
30	24	6.16860771554814e-34
30	25	3.3957067880486986e-35
30	26	2.0293229509934033e-36
30	27	1.3439519557627415e-37
30	28	1.0188473483277754e-38
30	29	9.379250083835617e-40
30	30	1.210855979153662e-40
31	0	7.937253933193772
31	1	0.3563932224836186
31	2	0.011326920156627047
31	3	0.00036072262418229543
31	4	0.00001152286155276746
31	5	3.695959566291712e-7
31	6	1.1916251902942409e-8
31	7	3.8661426364949416e-10
31	8	1.2636882529372285e-11
31	9	4.166256792232224e-13
31	10	1.38721177301638e-14
31	11	4.6709850078176e-16
31	12	1.5927926675415243e-17
31	13	5.508788630391502e-19
31	14	1.935591024497401e-20
31	15	6.921659372357357e-22
31	16	2.52406946375057e-23
31	17	9.406651501462859e-25
31	18	3.591476232169051e-26
31	19	1.4086928761872833e-27
31	20	5.694303453505205e-29
31	21	2.3809078827747556e-30
31	22	1.0342002968531417e-31
31	23	4.691227813194608e-33
31	24	2.2364551087547344e-34
31	25	1.1295804094426932e-35
31	26	6.108071310042077e-37
31	27	3.586782975494371e-38
31	28	2.334796847520856e-39
31	29	1.7402548215696153e-40
31	30	1.5755526857489508e-41
31	31	2.0009539118560798e-42
32	0	8.06225774829855
32	1	0.3508647326336185
32	2	0.010807354855887826
32	3	0.00033352221169851445
32	4	0.000010322253315152322
32	5	3.2069680635206545e-7
32	6	1.001200262163022e-8
32	7	3.14414073415404e-10
32	8	9.94264600404073e-12
32	9	3.169599779204311e-13
32	10	1.0198020126288763e-14
32	11	3.3156623402201553e-16
32	12	1.0907728283310627e-17
32	13	3.635909427770208e-19
32	14	1.229864709818249e-20
32	15	4.228361972434825e-22
32	16	1.4802227645154695e-23
32	17	5.286509873269534e-25
32	18	1.930360472042334e-26
32	19	7.224192502366858e-28
32	20	2.778535577833407e-29
32	21	1.1017610229875318e-30
32	22	4.520580234081672e-32
32	23	1.927581888498451e-33
32	24	8.586132156799874e-35
32	25	4.0208247772120455e-36
32	26	1.995501831339027e-37
32	27	1.0605972572356416e-38
32	28	6.123361119667766e-40
32	29	3.9200802623233257e-41
32	30	2.874342305609327e-42
32	31	2.560667647595233e-43
32	32	3.2008345594940414e-44
33	0	8.18535277187245
33	1	0.3455858648987619
33	2	0.01032635281771427
33	3	0.0003091112861101016
33	4	9.277978732997125e-6
33	5	2.7948762000631433e-7
33	6	8.457680133394872e-9
33	7	2.5735901073464853e-10
33	8	7.882441860678485e-12
33	9	2.4325743699682307e-13
33	10	7.572273261009698e-15
33	11	2.3803237054293057e-16
33	12	7.565165344737627e-18
33	13	2.4340520513193646e-19
33	14	7.939002421744698e-21
33	15	2.628866397604649e-22
33	16	8.851853602760466e-24
33	17	3.036160737524079e-25
33	18	1.0628688531656903e-26
33	19	3.805680974525924e-28
33	20	1.3971094379659196e-29
33	21	5.273049769318248e-31
33	22	2.0525318389627096e-32
33	23	8.269886451146976e-34
33	24	3.4638742611914505e-35
33	25	1.5160965770388543e-36
33	26	6.978400135522496e-38
33	27	3.4051106006602294e-39
33	28	1.7798798236223387e-40
33	29	1.0109038093638854e-41
33	30	6.368095426154021e-43
33	31	4.595777010644061e-44
33	32	4.0307630821322596e-45
33	33	4.961526375641106e-46
34	0	8.306623862918075
34	1	0.3405383775062979
34	2	0.009880020419875478
34	3	0.0002871322611378106
34	4	8.36583598350943e-6
34	5	2.4457745125147514e-7
34	6	7.181041230611897e-9
34	7	2.119417306100819e-10
34	8	6.293756681768776e-12
34	9	1.882300888303026e-13
34	10	5.675350717321641e-15
34	11	1.7269542275723269e-16
34	12	5.309308891805081e-18
34	13	1.651116523606423e-19
34	14	5.200528222681075e-21
34	15	1.6612478035458643e-22
34	16	5.3897995908313575e-24
34	17	1.7788989406661176e-25
34	18	5.983084603274789e-27
34	19	2.0545996881463585e-28
34	20	7.219127438237942e-30
34	21	2.6015929428327934e-31
34	22	9.642144955525756e-33
34	23	3.6867662684304606e-34
34	24	1.4596047430595242e-35
34	25	6.009097630953969e-37
34	26	2.585903894491018e-38
34	27	1.1705836914099924e-39
34	28	5.618981529053903e-41
34	29	2.8900922443604494e-42
34	30	1.6156106799087241e-43
34	31	1.0019592094098462e-44
34	32	7.120614040176012e-46
34	33	6.151273640059379e-47
34	34	7.4595149853066e-48
35	0	8.426149773176359
35	1	0.33570584251456315
35	2	0.009464955557372192
35	3	0.00026728206060765104
35	4	7.56593347162218e-6
35	5	2.1485807261668986e-7
35	6	6.126312128813e-9
35	7	1.7553975008097276e-10
35	8	5.058971493643445e-12
35	9	1.467756498600244e-13
35	10	4.291025358291168e-15
35	11	1.2653543454734364e-16
35	12	3.767537736953169e-18
35	13	1.1338956112398391e-19
35	14	3.453533665554521e-21
35	15	1.0657836276038506e-22
35	16	3.337097983231901e-24
35	17	1.0616722996438281e-25
35	18	3.437290983667918e-27
35	19	1.134475073991555e-28
35	20	3.8243146942654136e-30
35	21	1.3195139292997236e-31
35	22	4.671028676044607e-33
35	23	1.7010883118226108e-34
35	24	6.393081364317515e-36
35	25	2.488503546029947e-37
35	26	1.0075656345706748e-38
35	27	4.265365451716774e-40
35	28	1.8999447797269568e-41
35	29	8.976395342701644e-43
35	30	4.545374469030218e-44
35	31	2.502146294666371e-45
35	32	1.5284291125878924e-46
35	33	1.0701144231027151e-47
35	34	9.10941891325317e-49
35	35	1.088783809953201e-49
36	0	8.54400374531753
36	1	0.33107342027050374
36	2	0.00907817384213241
36	3	0.00024930255702287256
36	4	6.861827045888276e-6
36	5	1.8944050808477458e-7
36	6	5.250097366035725e-9
36	7	1.4617479807189974e-10
36	8	4.092108736547045e-12
36	9	1.1528210365014901e-13
36	10	3.2711547870598774e-15
36	11	9.357621870848398e-17
36	12	2.7013127530545256e-18
36	13	7.87718795316244e-20
36	14	2.322856001628121e-21
36	15	6.934670962446276e-23
36	16	2.0985268982356743e-24
36	17	6.445574130654364e-26
36	18	2.012277759422963e-27
36	19	6.395438542602457e-29
36	20	2.0727735385319702e-30
36	21	6.863639051634505e-32
36	22	2.3269915714699546e-33
36	23	8.096639195830584e-35
36	24	2.899061878932477e-36
36	25	1.071524103360209e-37
36	26	4.103077852105467e-39
36	27	1.6347053450542558e-40
36	28	6.8112722710594e-42
36	29	2.9869404835081246e-43
36	30	1.3896504786521418e-44
36	31	6.930946631909761e-46
36	32	3.7588335649421436e-47
36	33	2.262551926614915e-48
36	34	1.5613091607806424e-49
36	35	1.3102215422649634e-50
36	36	1.5441108956537535e-51
37	0	8.660254037844386
37	1	0.3266276672320067
37	2	0.008717047555920596
37	3	0.00023297289556050023
37	4	6.239847999762987e-6
37	5	1.676070936745617e-7
37	6	4.518384429874118e-9
37	7	1.2234211758901695e-10
37	8	3.329730690496338e-12
37	9	9.11656419178397e-14
37	10	2.5130622684818816e-15
37	11	6.980728523560783e-17
37	12	1.955762140699461e-18
37	13	5.531730688306029e-20
37	14	1.5811399773898007e-21
37	15	4.571984292266427e-23
37	16	1.3389225452668734e-24
37	17	3.9760233585840986e-26
37	18	1.198816148919287e-27
37	19	3.6752067085614106e-29
37	20	1.1473821526228252e-30
37	21	3.654009168519507e-32
37	22	1.189278685908751e-33
37	23	3.9642622863625035e-35
37	24	1.3565426278089348e-36
37	25	4.778217610862751e-38
37	26	1.7378209435515562e-39
37	27	6.549659116570345e-41
37	28	2.5689876648286972e-42
37	29	1.054068406570929e-43
37	30	4.552882074197407e-45
37	31	2.0868100772817242e-46
37	32	1.0256111997272313e-47
37	33	5.4821224591678275e-49
37	34	3.25304119125648e-50
37	35	2.2134141752316443e-51
37	36	1.831834605337662e-52
37	37	2.1294644743971933e-53
38	0	8.774964387392123
38	1	0.3223563714732806
38	2	0.008379254878399122
38	3	0.0002181032926971742
38	4	5.6885758703044795e-6
38	5	1.4877496900924116e-7
38	6	3.904330382098346e-9
38	7	1.0288813954355227e-10
38	8	2.724617561172909e-12
38	9	7.255978632790782e-14
38	10	1.9448064111825506e-15
38	11	5.2504837879112796e-17
38	12	1.4290006870153386e-18
38	13	3.9242862216073587e-20
38	14	1.0884011685847823e-21
38	15	3.051725339117933e-23
38	16	8.659337083353659e-25
38	17	2.4893843827778983e-26
38	18	7.259192275546541e-28
38	19	2.1499871989287326e-29
38	20	6.476570194492383e-31
38	21	1.9873887106954985e-32
38	22	6.222755432329589e-34
38	23	1.9918554753523995e-35
38	24	6.531551409419152e-37
38	25	2.199287758699445e-38
38	26	7.624658445664539e-40
38	27	2.7300656612053797e-41
38	28	1.0132223991283564e-42
38	29	3.914419630826559e-44
38	30	1.5823103530283524e-45
38	31	6.73476010851283e-47
38	32	3.042454491106184e-48
38	33	1.4740740174856677e-49
38	34	7.769052224882632e-51
38	35	4.5464939251345685e-52
38	36	3.0514069278478434e-53
38	37	2.4914633236069402e-54
38	38	2.8579044339843755e-55
39	0	8.888194417315589
39	1	0.31824841127969716
39	2	0.008062737444416374
39	3	0.0002045299962543906
39	4	5.1984220031545915e-6
39	5	1.3246805869076468e-7
39	6	3.3866121052131714e-9
39	7	8.692197200276084e-11
39	8	2.2413292172589882e-12
39	9	5.810375325713814e-14
39	10	1.5154636349832774e-15
39	11	3.979802480765656e-17
39	12	1.0531674176774821e-18
39	13	2.810695904006105e-20
39	14	7.571627710648171e-22
39	15	2.0607360459339524e-23
39	16	5.6719892901576325e-25
39	17	1.580438026682795e-26
39	18	4.463018657340075e-28
39	19	1.278807157133846e-29
39	20	3.7227515624970397e-31
39	21	1.1025838551105144e-32
39	22	3.3274417298955524e-34
39	23	1.0249204377808379e-35
39	24	3.2281959428518407e-37
39	25	1.0418957604132938e-38
39	26	3.453850814061511e-40
39	27	1.1791252261925004e-41
39	28	4.1584540442157906e-43
39	29	1.5204813847674758e-44
39	30	5.788373706454285e-46
39	31	2.306143285157708e-47
39	32	9.676362272327172e-49
39	33	4.310194330161148e-50
39	34	2.059490514408627e-51
39	35	1.0706781355680815e-52
39	36	6.181563097856787e-54
39	37	4.0938401701752715e-55
39	38	3.2989104201768045e-56
39	39	3.7352805064664947e-57
40	0	9.
40	1	0.3142936330963102
40	2	0.007765664692119159
40	3	0.00019211116622929364
40	4	4.761298484831427e-6
40	5	1.1829541192499803e-7
40	6	2.948186565738437e-9
40	7	7.375077278991225e-11
40	8	1.8530578889612987e-12
40	9	4.6796778543420093e-14
40	10	1.1886393636428286e-15
40	11	3.0388159209328916e-17
40	12	7.825349121166291e-19
40	13	2.0313594174243585e-20
40	14	5.319955626251549e-22
40	15	1.406824720700916e-23
40	16	3.7598972200762645e-25
40	17	1.016559783910625e-26
40	18	2.783267893484146e-28
40	19	7.725341090748709e-30
40	20	2.1763682973584365e-31
40	21	6.230924309604751e-33
40	22	1.8154313483707255e-34
40	23	5.391049297470081e-36
40	24	1.6344018887044876e-37
40	25	5.068065111939053e-39
40	26	1.6107368280315538e-40
40	27	5.2592421738142825e-42
40	28	1.768874563681447e-43
40	29	6.147264053108345e-45
40	30	2.21532019141082e-46
40	31	8.313948529278948e-48
40	32	3.266027435271704e-49
40	33	1.351491768883876e-50
40	34	5.938113920890075e-52
40	35	2.7992537472797394e-53
40	36	1.4359868733511298e-54
40	37	8.182294593778394e-56
40	38	5.348933307646254e-57
40	39	4.255382855468158e-58
40	40	4.757662667556983e-59
41	0	9.1104335791443
41	1	0.3104827457749072
41	2	0.007486403777885493
41	3	0.00018072349019977252
41	4	4.370353332564148e-6
41	5	1.0593434171261984e-7
41	6	2.575351975541058e-9
41	7	6.28321545199667e-11
41	8	1.5393750859471112e-12
41	9	3.789679490113368e-14
41	10	9.380854589512118e-16
41	11	2.33646825838271e-17
41	12	5.859510316345392e-19
41	13	1.480694435717281e-20
41	14	3.7731588027031606e-22
41	15	9.703517386600892e-24
41	16	2.5206067012754212e-25
41	17	6.619437491735757e-27
41	18	1.7590956665438803e-28
41	19	4.7353263542808536e-30
41	20	1.2926282933369636e-31
41	21	3.5823512440510996e-33
41	22	1.0092131319472604e-34
41	23	2.8941171412186108e-36
41	24	8.461028825065722e-38
41	25	2.5259616121050326e-39
41	26	7.714883165405721e-41
41	27	2.415623620530476e-42
41	28	7.772141600127361e-44
41	29	2.576439852481302e-45
41	30	8.826737492349498e-47
41	31	3.136444594086396e-48
41	32	1.160850225243749e-49
41	33	4.4982032539938864e-51
41	34	1.8363837886019894e-52
41	35	7.961733454846294e-54
41	36	3.7041336335678724e-55
41	37	1.875660975826425e-56
41	38	1.0551417350707049e-57
41	39	6.81091061302873e-59
41	40	5.351156756142268e-60
41	41	5.9093640684651605e-61
42	0	9.219544457292887
42	1	0.3068072286078416
42	2	0.00722349407832318
42	3	0.0001702593882214397
42	4	4.0197574538123425e-6
42	5	9.511721414907156e-8
42	6	2.2570316085823497e-9
42	7	5.373884782338928e-11
42	8	1.2846041670236435e-12
42	9	3.084926206530337e-14
42	10	7.447082038238338e-16
42	11	1.808311374888904e-17
42	12	4.419727436462577e-19
42	13	1.0880616797528854e-20
42	14	2.699979724137824e-22
42	15	6.758402600207184e-24
42	16	1.7078439296452132e-25
42	17	4.360492065837535e-27
42	18	1.1258742101505567e-28
42	19	2.9425193857068328e-30
42	20	7.792190652835046e-32
42	21	2.0930420560394663e-33
42	22	5.709240270551702e-35
42	23	1.5834583491860046e-36
42	24	4.4715477837312574e-38
42	25	1.287609647947914e-39
42	26	3.787087199846806e-41
42	27	1.1397793081593864e-42
42	28	3.517435309329376e-44
42	29	1.1156627337797808e-45
42	30	3.6466577244431886e-47
42	31	1.2320914653177377e-48
42	32	4.318478351126702e-50
42	33	1.57688533800654e-51
42	34	6.029371784141654e-53
42	35	2.429303121154011e-54
42	36	1.0396457601873688e-55
42	37	4.7752511292691094e-57
42	38	2.3876255646345544e-58
42	39	1.3264586470191969e-59
42	40	8.457191441809424e-61
42	41	6.564053583559485e-62
42	42	7.16196962200178e-63
43	0	9.327379053088816
43	1	0.3032592510732726
43	2	0.006975625490587376
43	3	0.00016062469344629095
43	4	3.704532312106903e-6
43	5	8.562103335201671e-8
43	6	1.984223672721224e-9
43	7	4.613226333868622e-11
43	8	1.0766348264049636e-12
43	9	2.5236709584942937e-14
43	10	5.945047606826496e-16
43	11	1.4083204539373515e-17
43	12	3.356952166246588e-19
43	13	8.056943025293908e-21
43	14	1.9483736044467455e-22
43	15	4.7507178896178275e-24
43	16	1.1688377245433472e-25
43	17	2.9040006741612207e-27
43	18	7.291974165845939e-29
43	19	1.8521632902890853e-30
43	20	4.763250006140272e-32
43	21	1.2415078550471209e-33
43	22	3.2830799054151236e-35
43	23	8.818603935045935e-37
43	24	2.4090590124802897e-38
43	25	6.702181455791143e-40
43	26	1.901758578190796e-41
43	27	5.512922702193028e-43
43	28	1.635658886500795e-44
43	29	4.9771514917792655e-46
43	30	1.5568809758635776e-47
43	31	5.0195857282884905e-49
43	32	1.6731952427628298e-50
43	33	5.786866751454787e-52
43	34	2.0854420192051872e-53
43	35	7.870993681287221e-55
43	36	3.130913178424597e-56
43	37	1.3230522969655657e-57
43	38	6.001487093671992e-59
43	39	2.963923213165178e-60
43	40	1.6266641907967046e-61
43	41	1.024702122729096e-62
43	42	7.859106521307979e-64
43	43	8.47469251093867e-65
44	0	9.433981132056603
44	1	0.29983160256882513
44	2	0.006741619892580068
44	3	0.00015173671869865346
44	4	3.420409792866245e-6
44	5	7.725918197572915e-8
44	6	1.7495759485583243e-9
44	7	3.9742566853567724e-11
44	8	9.06052534615694e-13
44	9	2.0742647853658472e-14
44	10	4.771262297792105e-16
44	11	1.10334794145402e-17
44	12	2.566619595246555e-19
44	13	6.009648741588684e-21
44	14	1.4172753866272434e-22
44	15	3.368740918492966e-24
44	16	8.075938213147713e-26
44	17	1.954110212509381e-27
44	18	4.7760770849710717e-29
44	19	1.180087958518517e-30
44	20	2.9502198962962927e-32
44	21	7.4695095763318695e-34
44	22	1.917150479881736e-35
44	23	4.993527671487116e-37
44	24	1.321427550311335e-38
44	25	3.5571633898433947e-40
44	26	9.753893142941744e-42
44	27	2.728428432124871e-43
44	28	7.798693596200151e-45
44	29	2.2819201128259564e-46
44	30	6.84918578794841e-48
44	31	2.1137046231863795e-49
44	32	6.724590225824756e-51
44	33	2.2122277684956468e-52
44	34	7.552421075331091e-54
44	35	2.687030832738856e-55
44	36	1.0013972666069917e-56
44	37	3.933859988219316e-58
44	38	1.641961434723943e-59
44	39	7.357805124315526e-61
44	40	3.5902412787803064e-62
44	41	1.9470817107131236e-63
44	42	1.2122001248600316e-64
44	43	9.189665430824922e-66
44	44	9.796216264601317e-67
45	0	9.539392014169456
45	1	0.2965176306967423
45	2	0.006520415243582836
45	3	0.00014352263777079802
45	4	3.163717686204286e-6
45	5	6.987483443150435e-8
45	6	1.547054837429746e-9
45	7	3.435355872466064e-11
45	8	7.654943678005818e-13
45	9	1.71255393393864e-14
45	10	3.848678755741051e-16
45	11	8.69327917888897e-18
45	12	1.9747255283682575e-19
45	13	4.513732044742011e-21
45	14	1.0388067880959486e-22
45	15	2.4086755640989115e-24
45	16	5.630575183950207e-26
45	17	1.3278772127798626e-27
45	18	3.1616124113806256e-29
45	19	7.605657403266107e-31
45	20	1.8500923459417434e-32
45	21	4.554612506228412e-34
45	22	1.1358171243288564e-35
45	23	2.872037047558589e-37
45	24	7.371470841153973e-39
45	25	1.9226289817579103e-40
45	26	5.102127560570611e-42
45	27	1.3794573061103255e-43
45	28	3.8054899653748817e-45
45	29	1.072927212898792e-46
45	30	3.097274075939962e-48
45	31	9.173334114976834e-50
45	32	2.793944863832029e-51
45	33	8.774024725459357e-53
45	34	2.84967075385505e-54
45	35	9.606238151572989e-56
45	36	3.375288033886272e-57
45	37	1.2424606950807647e-58
45	38	4.821682608281957e-60
45	39	1.9884283941703746e-61
45	40	8.804908923539359e-63
45	41	4.2461041282410664e-64
45	42	2.276150730056877e-65
45	43	1.4008739352819887e-66
45	44	1.049999406782188e-67
45	45	1.1067965557524547e-68
46	0	9.643650760992955
46	1	0.2933111868970001
46	2	0.0063110519006022905
46	3	0.00013591812458933197
46	4	2.9312856606156243e-6
46	5	6.333567600020379e-8
46	6	1.3716863285263962e-9
46	7	2.979112334447255e-11
46	8	6.491688857492098e-13
46	9	1.4199876039368472e-14
46	10	3.119533671075299e-16
46	11	6.886538810488559e-18
46	12	1.5284561383679092e-19
46	13	3.412616734361737e-21
46	14	7.669285776488137e-23
46	15	1.735861273469074e-24
46	16	3.9594815408680584e-26
46	17	9.107672814016143e-28
46	18	2.1140654790058368e-29
46	19	4.955445916176952e-31
46	20	1.1738940213226782e-32
46	21	2.8125795544785112e-34
46	22	6.821507402098567e-36
46	23	1.6762939921508717e-37
46	24	4.1777000032939666e-39
46	25	1.0570529333059217e-40
46	26	2.7184468116059908e-42
46	27	7.114500467418336e-44
46	28	1.8973687871446355e-45
46	29	5.163983758208605e-47
46	30	1.436658712093527e-48
46	31	4.0930613751484834e-50
46	32	1.1966174341966114e-51
46	33	3.598137557999479e-53
46	34	1.11573509255482e-54
46	35	3.5787219779490966e-56
46	36	1.191584078403283e-57
46	37	4.1360487166857215e-59
46	38	1.5042663747807366e-60
46	39	5.76859821678591e-62
46	40	2.351105111848694e-63
46	41	1.0290507517170369e-64
46	42	4.905806970986245e-66
46	43	2.6000724944829213e-67
46	44	1.5823537293078026e-68
46	45	1.172918620565554e-69
46	46	1.2228521945192942e-70
47	0	9.746794344808963
47	1	0.29020657841618336
47	2	0.006112660801528802
47	3	0.00012886620464574316
47	4	2.7203677122966864e-6
47	5	5.752964737005949e-8
47	6	1.219352104067667e-9
47	7	2.5914350219277627e-11
47	8	5.52495803064016e-13
47	9	1.1822318799474433e-14
47	10	2.540232336423277e-16
47	11	5.48350926193902e-18
47	12	1.1898201652751703e-19
47	13	2.596400462265875e-21
47	14	5.701213459482179e-23
47	15	1.2604176818330727e-24
47	16	2.807173291459049e-26
47	17	6.302290085674979e-28
47	18	1.427187665305391e-29
47	19	3.2621964957694876e-31
47	20	7.531711911141047e-33
47	21	1.7577510313012245e-34
47	22	4.149981321928471e-36
47	23	9.92035280834455e-38
47	24	2.40321332033382e-39
47	25	5.905574550125397e-41
47	26	1.4736331608798984e-42
47	27	3.7382115807806596e-44
47	28	9.652020797975463e-46
47	29	2.540005473151438e-47
47	30	6.8226491300519345e-49
47	31	1.873618971579742e-50
47	32	5.269965089674569e-52
47	33	1.5213078815717713e-53
47	34	4.517629264000344e-55
47	35	1.3836682819043898e-56
47	36	4.3843207246217575e-58
47	37	1.442335626006064e-59
47	38	4.947170383213494e-61
47	39	1.7782236731060938e-62
47	40	6.740339438137107e-64
47	41	2.715760152288405e-65
47	42	1.1752243554041583e-66
47	43	5.540060740812465e-68
47	44	2.903780834556052e-69
47	45	1.7478706647106856e-70
47	46	1.2816009520513856e-71
47	47	1.3218704511712965e-72
48	0	9.848857801796104
48	1	0.28719852575749566
48	2	0.005924453227209687
48	3	0.00012231628191871732
48	4	2.5285779272878166e-6
48	5	5.2361498818086544e-8
48	6	1.0866281754879187e-9
48	7	2.2608667760542228e-11
48	8	4.71833779855757e-13
48	9	9.881471137831364e-15
48	10	2.0776639589759668e-16
48	11	4.387907886668746e-18
48	12	9.312815838259733e-20
48	13	1.987306472200722e-21
48	14	4.2661387880330164e-23
48	15	9.217756825311064e-25
48	16	2.005756876649731e-26
48	17	4.397912883614666e-28
48	18	9.722854969497792e-30
48	19	2.1686815211536775e-31
48	20	4.883625172816509e-33
48	21	1.111063198045033e-34
48	22	2.5556881574121684e-36
48	23	5.94828833503113e-38
48	24	1.4020250060511167e-39
48	25	3.349567304565149e-41
48	26	8.119119449388711e-43
48	27	1.9987890369291113e-44
48	28	5.0032305441704685e-46
48	29	1.2749411974757111e-47
48	30	3.3118148791353997e-49
48	31	8.782461503125775e-51
48	32	2.3814792433097466e-52
48	33	6.615220120304851e-54
48	34	1.8862173882613213e-55
48	35	5.533356863031751e-57
48	36	1.6744699607943455e-58
48	37	5.242968820709087e-60
48	38	1.704636199428634e-61
48	39	5.77925796891721e-63
48	40	2.0535698982950323e-64
48	41	7.696078571700675e-66
48	42	3.0661910961940085e-67
48	43	1.3122086516597635e-68
48	44	6.118204385436343e-70
48	45	3.172141203092668e-71
48	46	1.8889825972224545e-72
48	47	1.370412011156017e-73
48	48	1.3986709019639708e-74
49	0	9.9498743710662
49	1	0.2842821248876057
49	2	0.005745711903856026
49	3	0.00011622331149589019
49	4	2.353837051688726e-6
49	5	4.7749987033384037e-8
49	6	9.70656517558002e-10
49	7	1.978050311806424e-11
49	8	4.042734872163405e-13
49	9	8.290282608575579e-15
49	10	1.706527668535358e-16
49	11	3.5278117739320645e-18
49	12	7.327379574234442e-20
49	13	1.5298610325015475e-21
49	14	3.212406216259998e-23
49	15	6.787446953971181e-25
49	16	1.443810884837496e-26
49	17	3.0937226285440697e-28
49	18	6.68142324076448e-30
49	19	1.4552368385498843e-31
49	20	3.1985158516867045e-33
49	21	7.099054142745436e-35
49	22	1.592180491775951e-36
49	23	3.611138688208026e-38
49	24	8.288884041834066e-40
49	25	1.9271263953690706e-41
49	26	4.5422804745635244e-43
49	27	1.0864337117060618e-44
49	28	2.639651118600789e-46
49	29	6.522131959621822e-48
49	30	1.6408203663419579e-49
49	31	4.2086154388182017e-51
49	32	1.10220019118324e-52
49	33	2.952086611511897e-54
49	34	8.100840058451897e-56
49	35	2.2821531474252753e-57
49	36	6.615631469001234e-59
49	37	1.978565365715224e-60
49	38	6.123506078198181e-62
49	39	1.9681693966049887e-63
49	40	6.597318806545278e-65
49	41	2.3180615421052055e-66
49	42	8.591307670319308e-68
49	43	3.3854494890902256e-69
49	44	1.4331750502239624e-70
49	45	6.610743551999851e-72
49	46	3.391239887769183e-73
49	47	1.9983072677265794e-74
49	48	1.4347010062894184e-75
49	49	1.4492668721748734e-76
50	0	10.04987562112089
50	1	0.28145281358428414
50	2	0.00557578324726233
50	3	0.00011054709364655135
50	4	2.1943278761599755e-6
50	5	4.362558459960408e-8
50	6	8.690424468730787e-10
50	7	1.7353106144138577e-11
50	8	3.4747934858688004e-13
50	9	6.980368461889812e-15
50	10	1.4073781173490387e-16
50	11	2.849153717602541e-18
50	12	5.794123297899957e-20
50	13	1.1842016439229438e-21
50	14	2.4335193878283907e-23
50	15	5.030682189783126e-25
50	16	1.0466967892362391e-26
50	17	2.1930272699310727e-28
50	18	4.629484195415629e-30
50	19	9.852196638479911e-32
50	20	2.114965095454208e-33
50	21	4.582615319767237e-35
50	22	1.002878118011588e-36
50	23	2.2182357982606918e-38
50	24	4.962607959650593e-40
50	25	1.1238094044351074e-41
50	26	2.578195592491191e-43
50	27	5.99742572532996e-45
50	28	1.4159687177852322e-46
50	29	3.39647774109021e-48
50	30	8.286557188245015e-50
50	31	2.0588116858172637e-51
50	32	5.215943735113261e-53
50	33	1.3494524906876037e-54
50	34	3.5710299738857687e-56
50	35	9.683314588989796e-58
50	36	2.6960577224133575e-59
50	37	7.72512547263919e-61
50	38	2.283981226271287e-62
50	39	6.988869054078299e-64
50	40	2.221208394733296e-65
50	41	7.363234129397627e-67
50	42	2.5589007500940014e-68
50	43	9.381385315681556e-70
50	44	3.657244765775338e-71
50	45	1.531851263724347e-72
50	46	6.991912432371834e-74
50	47	3.549605737579408e-75
50	48	2.0701721059821614e-76
50	49	1.4712072532493316e-77
50	50	1.4712072532493317e-78
